s1 =

    0.5921    0.7577   -0.2745
   -0.6682    0.6520    0.3584
    0.4505   -0.0288    0.8923

>> s2 = [0.875619 0.248026 -0.414458;
-0.205127 0.967814 0.145804;
0.437281 -0.042652 0.898313]

s2 =

    0.8756    0.2480   -0.4145
   -0.2051    0.9678    0.1458
    0.4373   -0.0427    0.8983

>> s = s1 * inv(s2)

s =

    0.8201    0.5719   -0.0200
   -0.5719    0.8203    0.0019
    0.0175    0.0099    0.9998

>> c = [0.83685398, 0.15170731, -0.525985;
 -0.12534571, 0.98840874, 0.085654154;
 0.53288257, -0.0057500624, 0.84616971]

c =

    0.8369    0.1517   -0.5260
   -0.1253    0.9884    0.0857
    0.5329   -0.0058    0.8462

>> r = vrrotmat2vec(c)

r =

   -0.0832   -0.9641   -0.2523    0.5814

>> r = vrrotmat2vec(s)

r =

    0.0070   -0.0327   -0.9994    0.6092