<?xml version="1.0"?>
<opencv_storage>
<intrinsics type_id="opencv-matrix">
  <rows>3</rows>
  <cols>3</cols>
  <dt>d</dt>
  <data>
    1.1613e+03 0. 973.2780 
    0. 1.1626e+03 793.4082
    0. 0. 1.</data></intrinsics>
<distCoeffs type_id="opencv-matrix">
  <rows>1</rows>
  <cols>5</cols>
  <dt>d</dt>
  <data>
    -3.6219039396680319e-01 2.0106620075981663e-01
    6.9466493992304879e-04 7.4317002075876973e-05
    -6.7246723303857364e-02</data></distCoeffs>
</opencv_storage>
