
s1 =

    0.1542    0.9879   -0.0167
   -0.8799    0.1450    0.4525
    0.4494   -0.0551    0.8916

>> s2 = [-0.075535 0.993820 0.081338;
-0.899252 -0.103139 0.425097;
0.430859 -0.041033 0.901486]

s2 =

   -0.0755    0.9938    0.0813
   -0.8993   -0.1031    0.4251
    0.4309   -0.0410    0.9015

>> s = s1 * inv(s2)

s =

    0.9688   -0.2476    0.0109
    0.2474    0.9687    0.0228
   -0.0162   -0.0194    0.9997

>> c= [0.96086395, -0.12162166, 0.24889508;
 0.10991515, 0.9921006, 0.060456499;
 -0.25428179, -0.030733097, 0.96664178]

c =

    0.9609   -0.1216    0.2489
    0.1099    0.9921    0.0605
   -0.2543   -0.0307    0.9666

>> r = vrrotmat2vec(c)

r =

   -0.1624    0.8964    0.4125    0.2845

>> r = vrrotmat2vec(s)

r =

   -0.0848    0.0544    0.9949    0.2514