
s1 =

   -0.0629   -0.9890    0.1342
    0.9766   -0.0887   -0.1958
    0.2056    0.1188    0.9714

>> s2 = [0.169492 -0.981498 0.089074;
0.965039 0.146953 -0.217036;
0.199930 0.122746 0.972091]

s2 =

    0.1695   -0.9815    0.0891
    0.9650    0.1470   -0.2170
    0.1999    0.1227    0.9721

>> s = s1 * inv(s2)

s =

    0.9720   -0.2351   -0.0035
    0.2351    0.9719   -0.0060
    0.0048    0.0050    1.0000

>> c = [0.95652682, -0.049506772, 0.28741178;
 0.051062889, 0.99869323, 0.0020846259;
 -0.28713939, 0.012682065, 0.9578048]

c =

    0.9565   -0.0495    0.2874
    0.0511    0.9987    0.0021
   -0.2871    0.0127    0.9578

>> r = vrrotmat2vec(s)

r =

    0.0234   -0.0176    0.9996    0.2375

>> r = vrrotmat2vec(c)

r =

    0.0182    0.9849    0.1724    0.2960