m1 = [-0.469341 0.882509 -0.029930;
-0.882369 -0.470026 -0.022367;
-0.033807 0.015912 0.999302]

m1 =

   -0.4693    0.8825   -0.0299
   -0.8824   -0.4700   -0.0224
   -0.0338    0.0159    0.9993

>> m2 = [-0.422098 0.901428 0.096240;
-0.854771 -0.431104 0.288992;
0.301995 0.039720 0.952482]

m2 =

   -0.4221    0.9014    0.0962
   -0.8548   -0.4311    0.2890
    0.3020    0.0397    0.9525

>> rawsrot = m1 * inv(m2)

rawsrot =

    0.9907    0.0121   -0.1352
   -0.0534    0.9504   -0.3064
    0.1248    0.3108    0.9422

>> rawcrot = [0.95218736, -0.14900823, 0.26671314;
 0.22356486, 0.9348346, -0.27586806;
 -0.20822601, 0.32230574, 0.92345059]

rawcrot =

    0.9522   -0.1490    0.2667
    0.2236    0.9348   -0.2759
   -0.2082    0.3223    0.9235

>> r = vrrotmat2vec(rawcrot)

r =

    0.7039    0.5589    0.4384    0.4389

>> r = vrrotmat2vec(rawsrot)

r =

    0.9172   -0.3863   -0.0973    0.3432