>> m2 = [0.084374 -0.994847 -0.056125; 
	  0.915404 0.099639 -0.390009; 
	  0.393593 -0.018470 0.919099] 
m1 = [0.023839 -0.999645 0.011875; 
	  0.999098 0.024240 0.034873; 
	  -0.035149 0.011033 0.999321]

m2 =

    0.0844   -0.9948   -0.0561
    0.9154    0.0996   -0.3900
    0.3936   -0.0185    0.9191


m1 =

    0.0238   -0.9996    0.0119
    0.9991    0.0242    0.0349
   -0.0351    0.0110    0.9993

>> rawsrot = m1 * inv(m2)

rawsrot =

    0.9958   -0.0824    0.0388
    0.0582    0.9034    0.4248
   -0.0700   -0.4208    0.9044

>> rawcrot = [0.9505375, -0.036028039, 0.30851325;
 0.21250199, 0.79985344, -0.5613175;
 -0.22654225, 0.59911305, 0.76794666]

rawcrot =

    0.9505   -0.0360    0.3085
    0.2125    0.7999   -0.5613
   -0.2265    0.5991    0.7679

>> r = vrrotmat2vec(rawsrot)

r =

   -0.9786    0.1259    0.1628    0.4468

>> r = vrrotmat2vec(rawcrot)

r =

    0.8914    0.4110    0.1909    0.7088