>> m2 = [-0.556703 -0.828407 0.061832;
0.810314 -0.557920 -0.179213;
0.182959 -0.049665 0.981865]

m2 =

   -0.5567   -0.8284    0.0618
    0.8103   -0.5579   -0.1792
    0.1830   -0.0497    0.9819

>> m1 = [-0.545853 -0.837604 -0.021532;
0.837745 -0.546047 0.003978;
-0.015089 -0.015867 0.999760]

m1 =

   -0.5459   -0.8376   -0.0215
    0.8377   -0.5460    0.0040
   -0.0151   -0.0159    0.9998

>> rawsrot = m1 * inv(m2)

rawsrot =

    0.9964    0.0289   -0.0794
   -0.0138    0.9828    0.1843
    0.0834   -0.1825    0.9797

>> rawcrot = [0.9985337077704073, -0.05128286932080566, 0.01733498660246746;
 0.04734592606468824, 0.9825951575321231, 0.1796249416965802;
 -0.02624495630325324, -0.1785408180463221, 0.9835824208270451]

rawcrot =

    0.9985   -0.0513    0.0173
    0.0473    0.9826    0.1796
   -0.0262   -0.1785    0.9836

>> r = vrrotmat2vec(rawsrot)

r =

   -0.9089   -0.4033   -0.1057    0.2032

>> r = vrrotmat2vec(rawcrot)

r =

   -0.9575    0.1165    0.2637    0.1881