>> m1 = [-0.545853 -0.837604 -0.021532;
0.837745 -0.546047 0.003978;
-0.015089 -0.015867 0.999760]

m1 =

   -0.5459   -0.8376   -0.0215
    0.8377   -0.5460    0.0040
   -0.0151   -0.0159    0.9998

>> m2 = [-0.556703 -0.828407 0.061832;
0.810314 -0.557920 -0.179213;
0.182959 -0.049665 0.981865]

m2 =

   -0.5567   -0.8284    0.0618
    0.8103   -0.5579   -0.1792
    0.1830   -0.0497    0.9819

>> rawsrot = m1 * inv(m2)

rawsrot =

    0.9964    0.0289   -0.0794
   -0.0138    0.9828    0.1843
    0.0834   -0.1825    0.9797

>> rawcrot = [0.98402828, -0.076687522, 0.16064639;
 0.10631455, 0.97700262, -0.18483242;
 -0.14277759, 0.1989594, 0.96955132]

rawcrot =

    0.9840   -0.0767    0.1606
    0.1063    0.9770   -0.1848
   -0.1428    0.1990    0.9696

>> r = vrrotmat2vec(rawcrot)

r =

    0.7347    0.5809    0.3503    0.2642

>> r = vrrotmat2vec(rawsrot)

r =

   -0.9089   -0.4033   -0.1057    0.2032