s1 =

    0.6119   -0.7694   -0.1832
    0.7292    0.6385   -0.2461
    0.3063    0.0170    0.9518

>> s2 = [0.395262 -0.821922 -0.410137;
0.878690 0.468452 -0.091964;
0.267716 -0.324033 0.907376]

s2 =

    0.3953   -0.8219   -0.4101
    0.8787    0.4685   -0.0920
    0.2677   -0.3240    0.9074

>> s = s1 * inv(s2)

s =

    0.9494    0.1941    0.2469
   -0.1357    0.9625   -0.2350
   -0.2833    0.1896    0.9401

>> c = [0.95168632, -0.29256889, -0.0932559;
 0.29572564, 0.95502549, 0.021738952;
 0.082701623, -0.048266832, 0.9954049]

c =

    0.9517   -0.2926   -0.0933
    0.2957    0.9550    0.0217
    0.0827   -0.0483    0.9954

>> r = vrrotmat2vec(s)

r =

    0.5623    0.7022   -0.4367    0.3871

>> r = vrrotmat2vec(c)

r =

   -0.1133   -0.2847    0.9519    0.3142