>> m1 = [-0.114435 0.993385 -0.009552;-0.987576 -0.112713 0.109501;0.107700 0.021964 0.993941]

m1 =

   -0.1144    0.9934   -0.0096
   -0.9876   -0.1127    0.1095
    0.1077    0.0220    0.9939

>> m2 = [0.044828 0.998547 -0.029909;-0.993870 0.047607 0.099781;0.101060 0.025252 0.994560]

m2 =

    0.0448    0.9985   -0.0299
   -0.9939    0.0476    0.0998
    0.1011    0.0253    0.9946

>> rawsrot = m1 * inv(m2)

rawsrot =

    0.9871    0.1601    0.0040
   -0.1601    0.9871    0.0063
   -0.0030   -0.0068    1.0000

>> rawcrot = [0.99422812, 0.062944636, -0.08688172;
 -0.052780572, 0.99199754, 0.11469628;
 0.093406022, -0.10944857, 0.98959392]

rawcrot =

    0.9942    0.0629   -0.0869
   -0.0528    0.9920    0.1147
    0.0934   -0.1094    0.9896

>> r = vrrotmat2vec(rawsrot)

r =

   -0.0408    0.0218   -0.9989    0.1609

>> r = vrrotmat2vec(rawcrot)

r =

   -0.7229   -0.5815   -0.3732    0.1557