>> m1 = [-0.269618 0.962823 -0.016652;-0.954698 -0.265002 0.135373;0.125928 0.052397 0.990655]
m2 = [-0.114435 0.993385 -0.009552;-0.987576 -0.112713 0.109501;0.107700 0.021964 0.993941]

m1 =

   -0.2696    0.9628   -0.0167
   -0.9547   -0.2650    0.1354
    0.1259    0.0524    0.9907


m2 =

   -0.1144    0.9934   -0.0096
   -0.9876   -0.1127    0.1095
    0.1077    0.0220    0.9939


>> rawcrot = [0.99299413, 0.059105109, -0.10231946;
 -0.042373918, 0.98643571, 0.15858456;
 0.11030478, -0.15313782, 0.98202944]

rawcrot =

    0.9930    0.0591   -0.1023
   -0.0424    0.9864    0.1586
    0.1103   -0.1531    0.9820

>> rawsrot = m1 * inv(m2)

rawsrot =

    0.9875    0.1559   -0.0244
   -0.1553    0.9875    0.0259
    0.0282   -0.0218    0.9994

>> r = vrrotmat2vec(rawsrot)

r =

   -0.1494   -0.1648   -0.9749    0.1603

>> r = vrrotmat2vec(rawcrot)

r =

   -0.7978   -0.5442   -0.2597    0.1966