>> m1 = [-0.269618 0.962823 -0.016652;-0.954698 -0.265002 0.135373;0.125928 0.052397 0.990655]
m2 = [-0.114435 0.993385 -0.009552;-0.987576 -0.112713 0.109501;0.107700 0.021964 0.993941]

m1 =

   -0.2696    0.9628   -0.0167
   -0.9547   -0.2650    0.1354
    0.1259    0.0524    0.9907


m2 =

   -0.1144    0.9934   -0.0096
   -0.9876   -0.1127    0.1095
    0.1077    0.0220    0.9939

>> rawcrot = [0.9748971638589807, 0.01540881211875143, 0.2221217873347957;
 -0.01936203782028209, 0.9996903458769238, 0.01563086216186063;
 -0.221812153389217, -0.01953921363735285, 0.9748936289356254]

rawcrot =

    0.9749    0.0154    0.2221
   -0.0194    0.9997    0.0156
   -0.2218   -0.0195    0.9749

>> rawsrot = m1 * inv(m2)

rawsrot =

    0.9875    0.1559   -0.0244
   -0.1553    0.9875    0.0259
    0.0282   -0.0218    0.9994

>> r = vrrotmat2vec(rawsrot)

r =

   -0.1494   -0.1648   -0.9749    0.1603

>> r = vrrotmat2vec(rawcrot)

r =

   -0.0787    0.9939   -0.0778    0.2252