>> m1 = [-0.114435 0.993385 -0.009552;-0.987576 -0.112713 0.109501;0.107700 0.021964 0.993941]

m1 =

   -0.1144    0.9934   -0.0096
   -0.9876   -0.1127    0.1095
    0.1077    0.0220    0.9939

>> m2 = [0.044828 0.998547 -0.029909;-0.993870 0.047607 0.099781;0.101060 0.025252 0.994560]

m2 =

    0.0448    0.9985   -0.0299
   -0.9939    0.0476    0.0998
    0.1011    0.0253    0.9946

>> rawsrot = m1 * inv(m2)

rawsrot =

    0.9871    0.1601    0.0040
   -0.1601    0.9871    0.0063
   -0.0030   -0.0068    1.0000

>> rawcrot = [0.984490744638974, 0.009661839898294047, 0.1751702673685756;
 -0.01498082320291811, 0.9994651767863213, 0.02906777128793712;
 -0.1747957340908566, -0.03124114660611671, 0.9841089584504213]

rawcrot =

    0.9845    0.0097    0.1752
   -0.0150    0.9995    0.0291
   -0.1748   -0.0312    0.9841

>> r = vrrotmat2vec(rawcrot)

r =

   -0.1694    0.9831   -0.0692    0.1789

>> r = vrrotmat2vec(rawsrot)

r =

   -0.0408    0.0218   -0.9989    0.1609