camTosensor = [0 -1 0; 0 0 -1; 1 0 0]
camTosensor =

     0    -1     0
     0     0    -1
     1     0     0

---------------------------------------------------------

ROTATION 2 (image 1 to image 2)

sensorRot1 = [-0.269618 0.962823 -0.016652;-0.954698 -0.265002 0.135373;0.125928 0.052397 0.990655]
sensorRot2 = [-0.114435 0.993385 -0.009552;-0.987576 -0.112713 0.109501;0.107700 0.021964 0.993941]

sensorRot12 = sensorRot1 * inv(sensorRot2)

sensorRot12 =

    0.9875    0.1559   -0.0244
   -0.1553    0.9875    0.0259
    0.0282   -0.0218    0.9994

sensorRot21 = sensorRot2 * inv(sensorRot1)

sensorRot21 =

    0.9875   -0.1553    0.0282
    0.1559    0.9875   -0.0218
   -0.0244    0.0259    0.9994

camTosensor * camRawRot

ans =

    0.0424   -0.9864   -0.1586
   -0.1103    0.1531   -0.9820
    0.9930    0.0591   -0.1023

-------------------------------------------------------------

ROTATION 2 (image 2 to image 3)

sensorRot1 = [-0.114435 0.993385 -0.009552;-0.987576 -0.112713 0.109501;0.107700 0.021964 0.993941
]
sensorRot2 = [0.044828 0.998547 -0.029909;-0.993870 0.047607 0.099781;0.101060 0.025252 0.994560]

sensorRot12 =

    0.9871    0.1601    0.0040
   -0.1601    0.9871    0.0063
   -0.0030   -0.0068    1.0000

sensorRot21 =

    0.9871   -0.1601   -0.0030
    0.1601    0.9871   -0.0068
    0.0040    0.0063    1.0000

camTosensor * camRawRot

ans =

    0.0528   -0.9920   -0.1147
   -0.0934    0.1094   -0.9896
    0.9942    0.0629   -0.0869