-0.269618 0.962823 -0.016652
-0.954698 -0.265002 0.135373
0.125928 0.052397 0.990655

-0.114435 0.993385 -0.009552
-0.987576 -0.112713 0.109501
0.107700 0.021964 0.993941

0.044828 0.998547 -0.029909
-0.993870 0.047607 0.099781
0.101060 0.025252 0.994560
