
 m1 = [-0.348862 0.937143 0.007700;
-0.932222 -0.347850 0.099817;
0.096221 0.027644 0.994976]

  m1 =

   -0.3489    0.9371    0.0077
   -0.9322   -0.3478    0.0998
    0.0962    0.0276    0.9950

>> m2 = [-0.072856 0.997036 -0.024733;
-0.991637 -0.069768 0.108579;
0.106532 0.032436 0.993780]

m2 =

   -0.0729    0.9970   -0.0247
   -0.9916   -0.0698    0.1086
    0.1065    0.0324    0.9938

>> rawsrot = m1 * inv(m2)

rawsrot =

    0.9596    0.2814    0.0009
   -0.2814    0.9595   -0.0114
   -0.0041    0.0107    0.9999

>> rawcrot = [0.98135328, 0.12189408, -0.14861883;
 -0.090756617, 0.97542995, 0.2007477;
 0.16943732, -0.18351631, 0.96830416]

rawcrot =

    0.9814    0.1219   -0.1486
   -0.0908    0.9754    0.2007
    0.1694   -0.1835    0.9683

>> r = vrrotmat2vec(rawcrot)

r =

   -0.7086   -0.5865   -0.3922    0.2746

>> r = vrrotmat2vec(rawsrot)

r =

    0.0392    0.0088   -0.9992    0.2855