>> m2 = [-0.072856 0.997036 -0.024733;
-0.991637 -0.069768 0.108579;
0.106532 0.032436 0.993780]

m2 =

   -0.0729    0.9970   -0.0247
   -0.9916   -0.0698    0.1086
    0.1065    0.0324    0.9938

>> m1 = [-0.348862 0.937143 0.007700;
-0.932222 -0.347850 0.099817;
0.096221 0.027644 0.994976]

m1 =

   -0.3489    0.9371    0.0077
   -0.9322   -0.3478    0.0998
    0.0962    0.0276    0.9950

>> rawsrot = m1 * inv(m2)

rawsrot =

    0.9596    0.2814    0.0009
   -0.2814    0.9595   -0.0114
   -0.0041    0.0107    0.9999

>> rawcrot = [0.984490744638974, 0.009661839898294047, 0.1751702673685756;
 -0.01498082320291811, 0.9994651767863213, 0.02906777128793712;
 -0.1747957340908566, -0.03124114660611671, 0.9841089584504213]

rawcrot =

    0.9845    0.0097    0.1752
   -0.0150    0.9995    0.0291
   -0.1748   -0.0312    0.9841

>> r = vrrotmat2vec(rawcrot)

r =

   -0.1694    0.9831   -0.0692    0.1789

>> r = vrrotmat2vec(rawsrot)

r =

    0.0392    0.0088   -0.9992    0.2855

>> rawcrot = [0.9845918561618687, 0.006673859087308604, 0.1747407690969923;
 -0.008505445194729041, 0.9999164406957576, 0.009734938539333762;
 -0.174661198271869, -0.01107118924090718, 0.9845663484941104]