[-0.348862 0.937143 0.007700;
-0.932222 -0.347850 0.099817;
0.096221 0.027644 0.994976]

-0.072856 0.997036 -0.024733
-0.991637 -0.069768 0.108579
0.106532 0.032436 0.993780

0.228343 0.973568 0.004994
-0.972492 0.227842 0.048454
0.046035 -0.015920 0.998813
