s1 =

    0.8817    0.3206   -0.3461
   -0.3112    0.9466    0.0843
    0.3547    0.0334    0.9344

>> s2 = [0.964087 0.245981 -0.100149;
-0.249372 0.968142 -0.022677;
0.091380 0.046837 0.994714]

s2 =

    0.9641    0.2460   -0.1001
   -0.2494    0.9681   -0.0227
    0.0914    0.0468    0.9947

>> s = s1 * inv(s2)

s =

    0.9636    0.0984   -0.2487
   -0.0756    0.9921    0.0997
    0.2565   -0.0773    0.9634

>> c = [0.99817294, 0.059920393, -0.0077658123;
 -0.056896843, 0.97540426, 0.21295339;
 0.020335045, -0.21212249, 0.97703153]

c =

    0.9982    0.0599   -0.0078
   -0.0569    0.9754    0.2130
    0.0203   -0.2121    0.9770

>> r = vrrotmat2vec(c)

r =

   -0.9623   -0.0636   -0.2645    0.2227

>> r = vrrotmat2vec(s)

r =

   -0.3145   -0.8975   -0.3090    0.2853